"","year","bill_length_mm","bill_depth_mm"
"1",2009,35,17.9
"2",2009,41,20
"3",2009,37.7,16
"4",2009,37.8,20
"5",2009,37.9,18.6
"6",2009,39.7,18.9
"7",2009,38.6,17.2
"8",2009,38.2,20
"9",2009,38.1,17
"10",2009,43.2,19
"11",2009,38.1,16.5
"12",2009,45.6,20.3
"13",2009,39.7,17.7
"14",2009,42.2,19.5
"15",2009,39.6,20.7
"16",2009,42.7,18.3
"17",2009,38.6,17
"18",2009,37.3,20.5
"19",2009,35.7,17
"20",2009,41.1,18.6
"21",2009,36.2,17.2
"22",2009,37.7,19.8
"23",2009,40.2,17
"24",2009,41.4,18.5
"25",2009,35.2,15.9
"26",2009,40.6,19
"27",2009,38.8,17.6
"28",2009,41.5,18.3
"29",2009,39,17.1
"30",2009,44.1,18
"31",2009,38.5,17.9
"32",2009,43.1,19.2
"33",2009,36.8,18.5
"34",2009,37.5,18.5
"35",2009,38.1,17.6
"36",2009,41.1,17.5
"37",2009,35.6,17.5
"38",2009,40.2,20.1
"39",2009,37,16.5
"40",2009,39.7,17.9
"41",2009,40.2,17.1
"42",2009,40.6,17.2
"43",2009,32.1,15.5
"44",2009,40.7,17
"45",2009,37.3,16.8
"46",2009,39,18.7
"47",2009,39.2,18.6
"48",2009,36.6,18.4
"49",2009,36,17.8
"50",2009,37.8,18.1
"51",2009,36,17.1
"52",2009,41.5,18.5
"53",2009,49.1,14.5
"54",2009,52.5,15.6
"55",2009,47.4,14.6
"56",2009,50,15.9
"57",2009,44.9,13.8
"58",2009,50.8,17.3
"59",2009,43.4,14.4
"60",2009,51.3,14.2
"61",2009,47.5,14
"62",2009,52.1,17
"63",2009,47.5,15
"64",2009,52.2,17.1
"65",2009,45.5,14.5
"66",2009,49.5,16.1
"67",2009,44.5,14.7
"68",2009,50.8,15.7
"69",2009,49.4,15.8
"70",2009,46.9,14.6
"71",2009,48.4,14.4
"72",2009,51.1,16.5
"73",2009,48.5,15
"74",2009,55.9,17
"75",2009,47.2,15.5
"76",2009,49.1,15
"77",2009,47.3,13.8
"78",2009,46.8,16.1
"79",2009,41.7,14.7
"80",2009,53.4,15.8
"81",2009,43.3,14
"82",2009,48.1,15.1
"83",2009,50.5,15.2
"84",2009,49.8,15.9
"85",2009,43.5,15.2
"86",2009,51.5,16.3
"87",2009,46.2,14.1
"88",2009,55.1,16
"89",2009,44.5,15.7
"90",2009,48.8,16.2
"91",2009,47.2,13.7
"92",2009,NA,NA
"93",2009,46.8,14.3
"94",2009,50.4,15.7
"95",2009,45.2,14.8
"96",2009,49.9,16.1
"97",2009,50.9,17.9
"98",2009,50.8,18.5
"99",2009,50.1,17.9
"100",2009,49,19.6
"101",2009,51.5,18.7
"102",2009,49.8,17.3
"103",2009,48.1,16.4
"104",2009,51.4,19
"105",2009,45.7,17.3
"106",2009,50.7,19.7
"107",2009,42.5,17.3
"108",2009,52.2,18.8
"109",2009,45.2,16.6
"110",2009,49.3,19.9
"111",2009,50.2,18.8
"112",2009,45.6,19.4
"113",2009,51.9,19.5
"114",2009,46.8,16.5
"115",2009,45.7,17
"116",2009,55.8,19.8
"117",2009,43.5,18.1
"118",2009,49.6,18.2
"119",2009,50.8,19
"120",2009,50.2,18.7
